qubits depth min_cut_value
10 1 0.0
10 2 0.5
10 3 0.5
10 4 1.5
10 5 0.5
10 6 0.5
10 7 1.0
10 8 2.0
10 9 1.5
10 10 1.0
10 11 1.5
10 12 1.5
10 13 1.0
10 14 1.5
10 15 2.0
10 16 0.5
10 17 1.5
10 18 1.0
10 19 2.0
10 20 2.5
10 21 2.5
10 22 1.5
10 23 2.0
10 24 2.0
10 25 2.5
10 26 2.5
10 27 2.0
10 28 3.5
10 29 2.0
10 30 3.0
10 31 3.0
10 32 3.5
10 33 2.5
10 34 2.5
10 35 3.5
10 36 4.0
10 37 3.5
10 38 2.5
10 39 2.5
10 40 2.0
10 41 3.5
10 42 3.0
10 43 4.5
10 44 4.0
10 45 4.0
10 46 4.5
10 47 5.0
10 48 3.5
10 49 4.5
10 50 3.0
10 51 2.5
10 52 3.5
10 53 4.0
10 54 3.0
10 55 5.5
10 56 4.0
10 57 3.0
10 58 5.5
10 59 3.5
10 60 6.5
10 61 3.5
10 62 3.0
10 63 5.0
10 64 5.0
10 65 3.0
10 66 5.5
10 67 3.0
10 68 4.0
10 69 4.0
10 70 5.5
10 71 3.0
10 72 6.5
10 73 3.0
10 74 6.0
10 75 3.5
10 76 2.0
10 77 6.0
10 78 5.0
10 79 4.0
10 80 10.0
10 81 4.0
10 82 7.5
10 83 4.0
10 84 4.5
10 85 5.0
10 86 4.0
10 87 5.0
10 88 4.0
10 89 3.0
10 90 5.0
10 91 3.0
10 92 8.0
10 93 4.0
10 94 4.0
10 95 9.5
10 96 4.0
10 97 7.0
10 98 6.0
10 99 4.0
10 100 9.0
10 101 5.0
10 102 5.0
10 103 3.0
10 104 4.0
10 105 4.0
10 106 4.5
10 107 4.0
10 108 7.5
10 109 3.0
10 110 5.0
10 111 5.0
10 112 5.0
10 113 3.0
10 114 5.0
10 115 7.0
10 116 6.0
10 117 3.0
10 118 6.0
10 119 12.5
10 120 5.0
10 121 9.5
10 122 10.5
10 123 4.0
10 124 5.0
10 125 4.0
10 126 10.0
10 127 3.0
10 128 4.0
10 129 8.0
10 130 7.0
10 131 3.0
10 132 4.0
10 133 7.0
10 134 3.0
10 135 5.5
10 136 4.0
10 137 7.0
10 138 8.0
10 139 7.0
10 140 4.0
10 141 8.0
10 142 5.0
10 143 4.0
10 144 9.5
10 145 4.5
10 146 5.0
10 147 3.0
10 148 3.0
10 149 4.0
10 150 15.5
10 151 3.0
10 152 4.0
10 153 4.0
10 154 6.5
10 155 5.0
10 156 6.0
10 157 8.0
10 158 6.5
10 159 4.0
10 160 13.0
10 161 6.5
10 162 7.0
10 163 4.0
10 164 6.0
10 165 4.0
10 166 4.0
10 167 4.0
10 168 7.5
10 169 4.5
10 170 6.0
10 171 5.0
10 172 3.0
10 173 4.0
10 174 4.0
10 175 6.0
10 176 6.0
10 177 4.0
10 178 5.0
10 179 4.0
10 180 3.0
10 181 7.0
10 182 4.0
10 183 4.0
10 184 4.0
10 185 24.0
10 186 4.5
10 187 4.0
10 188 7.0
10 189 6.0
10 190 9.0
10 191 4.0
10 192 6.0
10 193 10.0
10 194 5.0
10 195 4.0
10 196 3.0
10 197 5.0
10 198 6.0
10 199 7.0
10 200 3.0
10 201 3.0
10 202 6.0
10 203 7.0
10 204 7.0
10 205 4.0
10 206 4.0
10 207 4.0
10 208 5.0
10 209 4.0
10 210 5.0
10 211 5.0
10 212 4.0
10 213 4.0
10 214 7.0
10 215 6.0
10 216 7.0
10 217 5.0
10 218 6.0
10 219 5.0
10 220 5.0
10 221 4.0
10 222 6.0
10 223 3.0
10 224 3.0
10 225 5.0
10 226 5.0
10 227 4.0
10 228 22.0
10 229 3.0
10 230 6.0
10 231 3.0
10 232 9.5
10 233 4.0
10 234 7.0
10 235 6.0
10 236 3.0
10 237 6.0
10 238 9.0
10 239 5.0
10 240 4.0
10 241 4.0
10 242 6.0
10 243 16.0
10 244 3.0
10 245 5.0
10 246 5.0
10 247 3.0
10 248 4.0
10 249 8.0
10 250 5.0
10 251 11.0
10 252 5.0
10 253 6.0
10 254 5.0
10 255 8.0
10 256 5.0
10 257 3.0
10 258 3.0
10 259 9.0
10 260 9.5
10 261 4.0
10 262 4.0
10 263 4.0
10 264 3.0
10 265 3.0
10 266 6.0
10 267 5.0
10 268 4.0
10 269 3.0
10 270 5.0
10 271 4.0
10 272 3.0
10 273 11.0
10 274 3.0
10 275 6.0
10 276 8.0
10 277 3.0
10 278 7.0
10 279 4.0
10 280 4.0
10 281 4.0
10 282 4.0
10 283 4.0
10 284 4.0
10 285 4.0
10 286 10.0
10 287 3.0
10 288 8.0
10 289 8.0
10 290 3.0
10 291 8.0
10 292 4.0
10 293 4.0
10 294 4.0
10 295 4.0
10 296 5.0
10 297 4.0
10 298 3.0
10 299 4.0
10 300 3.0
