qubits depth min_cut_value
3 1 0.7
3 2 1.1
3 3 1.5
3 4 1.6
3 5 52.0
3 6 152.5
3 7 202.4
3 8 252.85
3 9 302.6
3 10 152.75
3 11 402.0
3 12 402.05
3 13 202.65
3 14 452.5
3 15 452.0
3 16 401.7
3 17 302.2
3 18 202.9
3 19 551.5
3 20 302.75
3 21 402.3
3 22 352.15
3 23 302.35
3 24 402.2
3 25 402.35
3 26 302.4
3 27 252.35
3 28 302.1
3 29 202.65
3 30 302.6
3 31 451.7
3 32 451.7
3 33 252.7
3 34 302.2
3 35 451.9
3 36 351.9
3 37 502.0
3 38 252.7
3 39 501.65
3 40 252.8
3 41 451.7
3 42 451.6
3 43 701.0
3 44 501.9
3 45 451.8
3 46 402.5
3 47 451.8
3 48 452.7
3 49 402.6
3 50 302.3
3 51 452.0
3 52 302.1
3 53 451.7
3 54 202.6
3 55 302.7
3 56 551.85
3 57 252.6
3 58 401.9
3 59 652.0
3 60 302.1
3 61 451.85
3 62 501.6
3 63 302.3
3 64 303.05
3 65 451.9
3 66 352.2
3 67 451.9
3 68 303.1
3 69 302.6
3 70 302.2
3 71 302.5
3 72 302.6
3 73 452.1
3 74 302.1
3 75 352.0
3 76 253.0
3 77 501.9
3 78 501.8
3 79 601.9
3 80 253.0
3 81 402.0
3 82 451.8
3 83 202.6
3 84 551.6
3 85 302.2
3 86 103.2
3 87 352.8
3 88 502.0
3 89 501.7
3 90 352.9
3 91 352.1
3 92 402.3
3 93 302.2
3 94 402.25
3 95 352.2
3 96 352.2
3 97 351.9
3 98 352.5
3 99 501.6
3 100 401.9
3 101 352.4
3 102 302.9
3 103 352.55
3 104 302.0
3 105 502.0
3 106 401.8
3 107 302.45
3 108 252.6
3 109 252.7
3 110 352.3
3 111 153.4
3 112 502.0
3 113 252.7
3 114 402.2
3 115 302.5
3 116 402.2
